00000 00000 00000 00000 00000 00000 00 ,
00100 00100 00100 00100 00100 00100 00 ,
00100 00100 00100 00100 00100 00100 00 ,
00100 00100 00100 00100 00100 00100 00 ,
00000 00000 00000 00000 00000 00000 00 ,

00000 00000 00000 00000 00000 00000 00 ,
00000 00000 00000 00000 00000 00000 00 ,
00000 00000 00000 00000 00000 00000 00 ,
00000 00000 00000 00000 00000 00000 00 ,
00000 00000 00000 00000 00000 00000 00 ,

00000 00000 00000 00000 00000 00000 00 ,
00000 00000 00000 00000 00000 00000 00 ,
00000 00000 00000 00000 00000 00000 00 ,
00000 00000 00000 00000 00000 00000 00 ,
00000 00000 00000 00000 00000 00000 00 ,

00000 00000 00000 00000 00000 00000 00 ,
00000 01000 00000 00000 00000 00000 00 ,
00000 00100 00000 00000 00000 00000 00 ,
00000 11100 00000 00000 00000 00000 00 ,
00000 00000 00000 00000 00000 00000 00 ,

00000 00000 00001 00000 00000 00000 00 ,
00000 00000 00110 00000 00000 00000 00 ,
00000 00111 00011 00000 00000 00000 00 ,
00000 00001 00000 00000 00000 00000 00 ,
00000 00010 00000 00000 00000 00000 00 ,

00000 00000 00000 00000 00000 00000 00 ,
00000 00000 00000 00000 00000 00000 00 ,
00000 00000 00000 00000 00000 00000 00 ,
00000 00000 00000 00000 00000 00000 00 ,
00000 00000 00000 00000 00000 00000 00 ,

00000 00000 00000 00000 00000 00000 00 ,
00000 00000 00000 00000 00000 00000 00 